В сторону Проспекта Космонавтов
05
55
06
05; 13; 21; 28; 36; 44; 51; 58
07
03; 07; 12; 16; 21; 25; 30; 34; 39; 43; 48; 52; 57
08
01; 06; 10; 15; 19; 24; 28; 33; 37; 42; 46; 51; 55
09
00; 04; 09; 13; 18; 22; 27; 32; 38; 43; 48; 54
10
00; 06; 12; 18; 24; 30; 36; 42; 48; 54
11
00; 06; 12; 20; 27; 35; 42; 50; 57
12
05; 12; 20; 27; 35; 42; 50; 57
13
05; 12; 20; 27; 35; 42; 50; 57
14
05; 12; 20; 27; 35; 42; 50; 57
15
05; 12; 20; 27; 35; 42; 50; 57
16
05; 12; 20; 27; 33; 39; 45; 51; 56
17
01; 05; 10; 15; 19; 24; 28; 33; 37; 42; 46; 51; 55
18
00; 04; 09; 13; 18; 22; 27; 31; 36; 40; 45; 50; 55
19
00; 05; 10; 15; 20; 25; 31; 37; 43; 49; 56
20
03; 10; 17; 24; 31; 38; 45; 52
21
00; 11; 22; 33; 44; 55
22
06; 17; 28; 39; 50
23
01; 12; 23; 35; 47; 59
24
10