В сторону Ботанической
06
05; 14; 22; 30; 38; 45; 52; 57
07
02; 07; 11; 15; 19; 24; 28; 33; 37; 42; 46; 51; 55
08
00; 04; 09; 13; 18; 22; 27; 31; 36; 40; 45; 49; 54; 58
09
03; 07; 12; 16; 21; 26; 31; 36; 41; 47; 53; 59
10
05; 11; 17; 23; 29; 35; 41; 47; 53
11
00; 07; 15; 22; 30; 37; 45; 52
12
00; 07; 15; 22; 30; 37; 45; 52
13
00; 07; 15; 22; 30; 37; 45; 52
14
00; 07; 15; 22; 30; 37; 45; 52
15
00; 07; 15; 22; 30; 37; 45; 52
16
00; 07; 15; 22; 28; 34; 39; 44; 49; 55
17
00; 05; 10; 14; 19; 23; 28; 32; 37; 41; 46; 50; 55; 59
18
04; 08; 13; 17; 22; 26; 31; 35; 40; 44; 49; 54; 59
19
04; 09; 14; 19; 25; 31; 37; 43; 50; 57
20
04; 11; 18; 25; 32; 39; 46; 55
21
06; 17; 28; 39; 50
22
01; 12; 23; 34; 45; 56
23
07; 18; 29; 40; 52
24
05; 19

В сторону Проспекта Космонавтов
05
57
06
07; 15; 23; 30; 38; 46; 53
07
00; 05; 09; 14; 18; 23; 27; 32; 36; 41; 45; 50; 54; 59
08
03; 08; 12; 17; 21; 26; 30; 35; 39; 44; 48; 53; 57
09
02; 06; 11; 15; 20; 24; 29; 34; 40; 45; 50; 56
10
02; 08; 14; 20; 26; 32; 38; 44; 50; 56
11
02; 08; 14; 22; 29; 37; 44; 52; 59
12
07; 14; 22; 29; 37; 44; 52; 59
13
07; 14; 22; 29; 37; 44; 52; 59
14
07; 14; 22; 29; 37; 44; 52; 59
15
07; 14; 22; 29; 37; 44; 52; 59
16
07; 14; 22; 29; 35; 41; 47; 53; 58
17
03; 07; 12; 17; 21; 26; 30; 35; 39; 44; 48; 53; 57
18
02; 06; 11; 15; 20; 24; 29; 33; 38; 42; 47; 52; 57
19
02; 07; 12; 17; 22; 27; 33; 39; 45; 51; 58
20
05; 12; 19; 26; 33; 40; 47; 54
21
02; 13; 24; 35; 46; 57
22
08; 19; 30; 41; 52
23
03; 14; 25; 37; 49
24
01; 12