В сторону Ботанической
05
58
06
06; 14; 22; 30; 37; 44; 49; 54; 59
07
03; 07; 11; 16; 20; 25; 29; 34; 38; 43; 47; 52; 56
08
01; 05; 10; 14; 19; 23; 28; 32; 37; 41; 46; 50; 55; 59
09
04; 08; 13; 18; 23; 28; 33; 39; 45; 51; 57
10
03; 09; 15; 21; 27; 33; 39; 45; 52; 59
11
07; 14; 22; 29; 37; 44; 52; 59
12
07; 14; 22; 29; 37; 44; 52; 59
13
07; 14; 22; 29; 37; 44; 52; 59
14
07; 14; 22; 29; 37; 44; 52; 59
15
07; 14; 22; 29; 37; 44; 52; 59
16
07; 14; 20; 26; 31; 36; 41; 47; 52; 57
17
02; 06; 11; 15; 20; 24; 29; 33; 38; 42; 47; 51; 56
18
00; 05; 09; 14; 18; 23; 27; 32; 36; 41; 46; 51; 56
19
01; 06; 11; 17; 23; 29; 35; 42; 49; 56
20
03; 10; 17; 24; 31; 38; 47; 58
21
09; 20; 31; 42; 53
22
04; 15; 26; 37; 48; 59
23
10; 21; 32; 44; 57
24
11

В сторону Проспекта Космонавтов
06
05; 15; 23; 31; 38; 46; 54
07
01; 08; 13; 17; 22; 26; 31; 35; 40; 44; 49; 53; 58
08
02; 07; 11; 16; 20; 25; 29; 34; 38; 43; 47; 52; 56
09
01; 05; 10; 14; 19; 23; 28; 32; 37; 42; 48; 53; 58
10
04; 10; 16; 22; 28; 34; 40; 46; 52; 58
11
04; 10; 16; 22; 30; 37; 45; 52
12
00; 07; 05; 22; 30; 37; 45; 52
13
00; 07; 15; 22; 30; 37; 45; 52
14
00; 07; 15; 22; 30; 37; 45; 52
15
00; 07; 15; 22; 30; 37; 45; 52
16
00; 07; 15; 22; 30; 37; 43; 49; 55
17
01; 06; 11; 15; 20; 25; 29; 34; 38; 43; 47; 52; 56
18
01; 05; 10; 14; 19; 23; 28; 32; 37; 41; 46; 50; 55
19
00; 05; 10; 15; 20; 25; 30; 35; 41; 47; 53; 59
20
06; 13; 20; 27; 34; 41; 48; 55
21
02; 10; 21; 32; 43; 54
22
05; 16; 27; 38; 49
23
00; 11; 22; 33; 45; 57
24
09; 19