В сторону Ботанической
06
02; 10; 18; 26; 34; 41; 48; 53; 58
07
03; 07; 11; 15; 20; 24; 29; 33; 38; 42; 47; 51; 56
08
00; 05; 09; 14; 18; 23; 27; 32; 36; 41; 45; 50; 54; 59
09
03; 08; 12; 17; 22; 27; 32; 37; 43; 49; 55
10
01; 07; 13; 19; 25; 31; 37; 43; 49; 56
11
03; 11; 18; 26; 33; 41; 48; 56
12
03; 11; 18; 26; 33; 41; 48; 56
13
03; 11; 18; 26; 33; 41; 48; 56
14
03; 11; 18; 26; 33; 41; 48; 56
15
03; 11; 18; 26; 33; 41; 48; 56
16
03; 11; 18; 24; 30; 35; 40; 45; 51; 56
17
01; 06; 10; 15; 19; 24; 28; 33; 37; 42; 46; 51; 55
18
00; 04; 09; 13; 18; 22; 27; 31; 36; 40; 45; 50; 55
19
00; 05; 10; 15; 21; 27; 33; 39; 46; 53
20
00; 07; 14; 21; 28; 35; 42; 51
21
02; 13; 24; 35; 46; 57
22
08; 19; 30; 41; 52
23
03; 14; 25; 36; 48
24
01; 15

В сторону Проспекта Космонавтов
06
01; 11; 19; 27; 34; 42; 50; 57
07
04; 09; 13; 18; 22; 27; 31; 36; 40; 45; 49; 54; 58
08
03; 07; 12; 16; 21; 25; 30; 34; 39; 43; 48; 52; 57
09
01; 06; 10; 15; 19; 24; 28; 33; 38; 44; 49; 54
10
00; 06; 12; 18; 24; 30; 36; 42; 48; 54
11
00; 06; 12; 18; 26; 33; 41; 48; 56
12
03; 11; 18; 26; 33; 41; 48; 56
13
03; 11; 18; 26; 33; 41; 48; 56
14
03; 11; 18; 26; 33; 41; 48; 56
15
03; 11; 18; 26; 33; 41; 48; 56
16
03; 11; 18; 26; 33; 39; 45; 51; 57
17
02; 07; 11; 16; 21; 25; 30; 34; 39; 43; 48; 52; 57
18
01; 06; 10; 15; 19; 24; 28; 33; 37; 42; 46; 51; 56
19
01; 06; 11; 16; 21; 26; 31; 37; 43; 49; 55
20
02; 09; 16; 23; 30; 37; 44; 51; 58
21
06; 17; 28; 39; 50
22
01; 12; 23; 34; 45; 56
23
07; 18; 29; 41; 53
24
05; 16