В сторону Ботанической
05
53
06
01; 09; 17; 25; 32; 39; 44; 49; 54; 58
07
02; 06; 11; 15; 20; 24; 29; 33; 38; 42; 47; 51; 56
08
00; 05; 09; 14; 18; 23; 27; 32; 36; 41; 45; 50; 54; 59
09
03; 08; 13; 18; 23; 28; 34; 40; 46; 52; 58
10
04; 10; 16; 22; 28; 34; 40; 47; 54
11
02; 09; 17; 24; 32; 39; 47; 54
12
02; 09; 17; 24; 32; 39; 47; 54
13
02; 09; 17; 24; 32; 39; 47; 54
14
02; 09; 17; 24; 32; 39; 47; 54
15
02; 09; 17; 24; 32; 39; 47; 54
16
02; 09; 15; 21; 26; 31; 36; 42; 47; 52; 57
17
01; 06; 10; 15; 19; 24; 28; 33; 37; 42; 46; 51; 55
18
00; 04; 09; 13; 18; 22; 27; 31; 36; 41; 46; 51; 56
19
01; 06; 12; 18; 24; 30; 37; 44; 51; 58
20
05; 12; 19; 26; 33; 42; 53
21
04; 15; 26; 37; 48; 59
22
10; 21; 32; 43; 54
23
05; 16; 27; 39; 52
24
06

В сторону Проспекта Космонавтов
06
10; 20; 28; 36; 43; 51; 59
07
06; 13; 18; 22; 27; 31; 36; 40; 45; 49; 54; 58
08
03; 07; 12; 16; 21; 25; 30; 34; 39; 43; 48; 52; 57
09
01; 06; 10; 15; 19; 24; 28; 33; 37; 42; 47; 53; 58
10
03; 09; 15; 21; 27; 33; 39; 45; 51; 57
11
03; 09; 15; 21; 27; 35; 42; 50; 57
12
05; 12; 20; 27; 35; 42; 50; 57
13
05; 12; 20; 27; 35; 42; 50; 57
14
05; 12; 20; 27; 35; 42; 50; 57
15
05; 12; 20; 27; 35; 42; 50; 57
16
05; 12; 20; 27; 35; 42; 48; 54
17
00; 06; 11; 16; 20; 25; 30; 34; 39; 43; 48; 52; 57
18
01; 06; 10; 15; 19; 24; 28; 33; 37; 42; 46; 51; 55
19
00; 05; 10; 15; 20; 25; 30; 35; 40; 46; 52; 58
20
04; 11; 18; 25; 32; 39; 46; 53
21
00; 07; 15; 26; 37; 48; 59
22
10; 21; 32; 43; 54
23
05; 16; 27; 38; 50
24
02; 14; 24