В сторону Ботанической
06
00; 08; 16; 24; 32; 39; 46; 51; 56
07
01; 05; 09; 13; 18; 22; 27; 31; 36; 40; 45; 49; 54; 58
08
03; 07; 12; 16; 21; 25; 30; 34; 39; 43; 48; 52; 57
09
01; 06; 10; 15; 20; 25; 30; 35; 41; 47; 53; 59
10
05; 11; 17; 23; 29; 35; 41; 47; 54
11
01; 09; 16; 24; 31; 39; 46; 54
12
01; 09; 16; 24; 31; 39; 46; 54
13
01; 09; 16; 24; 31; 39; 46; 54
14
01; 09; 16; 24; 31; 39; 46; 54
15
01; 09; 16; 24; 31; 39; 46; 54
16
01; 09; 16; 22; 28; 33; 38; 43; 49; 54; 59
17
04; 08; 13; 17; 22; 26; 31; 35; 40; 44; 49; 53; 58
18
02; 07; 11; 16; 20; 25; 29; 34; 38; 43; 48; 53; 58
19
03; 08; 13; 19; 25; 31; 37; 44; 51
20
05; 12; 19; 26; 33; 40; 49
21
00; 11; 22; 33; 44; 55
22
06; 17; 28; 39; 50
23
01; 12; 23; 34; 46; 59
24
13

В сторону Проспекта Космонавтов
06
03; 13; 21; 29; 36; 44; 52; 59
07
06; 11; 15; 20; 24; 29; 33; 38; 42; 47; 51; 56
08
00; 05; 09; 14; 18; 23; 27; 32; 36; 41; 45; 50; 54; 59
09
03; 08; 12; 17; 21; 26; 30; 35; 40; 46; 51; 56
10
02; 08; 14; 20; 26; 32; 38; 44; 50; 56
11
02; 08; 14; 20; 28; 35; 43; 50; 58
12
05; 13; 20; 28; 35; 43; 50; 58
13
05; 13; 20; 28; 35; 43; 50; 58
14
05; 13; 20; 28; 35; 43; 50; 58
15
05; 13; 20; 28; 35; 43; 50; 58
16
05; 13; 20; 28; 35; 41; 47; 53; 59
17
04; 09; 13; 18; 23; 27; 32; 36; 41; 45; 50; 54; 59
18
03; 08; 12; 17; 21; 26; 30; 35; 39; 44; 48; 53; 58
19
03; 08; 13; 18; 23; 28; 33; 39; 45; 51; 57
20
04; 11; 18; 25; 32; 39; 46; 53
21
00; 08; 19; 30; 41; 52
22
03; 14; 25; 36; 47; 58
23
09; 20; 31; 43; 55
24
07; 18