В сторону Ботанической
05
49; 57
06
05; 13; 21; 28; 35; 40; 45; 50; 54; 58
07
02; 07; 11; 16; 20; 25; 29; 34; 38; 43; 47; 52; 56
08
01; 05; 10; 14; 19; 23; 28; 32; 37; 41; 46; 50; 55; 59
09
04; 09; 14; 19; 24; 30; 36; 42; 48; 54
10
00; 06; 12; 18; 24; 30; 36; 43; 50; 58
11
05; 13; 20; 28; 35; 43; 50; 58
12
05; 13; 20; 28; 35; 43; 50; 58
13
05; 13; 20; 28; 35; 43; 50; 58
14
05; 13; 20; 28; 35; 43; 50; 58
15
05; 13; 20; 28; 35; 43; 50; 58
16
05; 11; 17; 22; 27; 32; 38; 43; 48; 53; 57
17
02; 06; 11; 15; 20; 24; 29; 33; 38; 42; 47; 51; 56
18
00; 05; 09; 14; 18; 23; 27; 32; 37; 42; 47; 52; 57
19
02; 08; 14; 20; 26; 33; 40; 47; 54
20
01; 08; 15; 22; 29; 38; 49
21
00; 11; 22; 33; 44; 55
22
06; 17; 28; 39; 50
23
01; 12; 23; 35; 48
24
02