В сторону Ботанической
05
51; 59
06
07; 15; 23; 30; 37; 42; 47; 52; 56
07
00; 04; 09; 13; 18; 22; 27; 31; 36; 40; 45; 49; 54; 58
08
03; 07; 12; 16; 21; 25; 30; 34; 39; 43; 48; 52; 57
09
01; 06; 11; 16; 21; 26; 32; 38; 44; 50; 56
10
02; 08; 14; 20; 26; 32; 38; 45; 52
11
00; 07; 15; 22; 30; 37; 45; 52
12
00; 07; 15; 22; 30; 37; 45; 52
13
00; 07; 15; 22; 30; 37; 45; 52
14
00; 07; 15; 22; 30; 37; 45; 52
15
00; 07; 15; 22; 30; 37; 45; 52
16
00; 07; 13; 19; 24; 29; 34; 40; 45; 50; 55; 59
17
04; 08; 13; 17; 22; 26; 31; 35; 40; 44; 49; 53; 58
18
02; 07; 11; 16; 20; 25; 29; 34; 39; 44; 49; 54; 59
19
04; 10; 16; 22; 28; 35; 42; 49; 56
20
03; 10; 17; 24; 31; 40; 51
21
02; 13; 24; 35; 46; 57
22
08; 19; 30; 41; 52
23
03; 14; 25; 37; 50
24
04

В сторону Проспекта Космонавтов
06
12; 22; 30; 38; 45; 53
07
01; 08; 15; 20; 24; 29; 33; 38; 42; 47; 51; 56
08
00; 05; 09; 14; 18; 23; 27; 32; 36; 41; 45; 50; 54; 59
09
03; 08; 12; 17; 21; 26; 30; 35; 39; 44; 49; 55
10
00; 05; 11; 17; 23; 29; 35; 41; 47; 53; 59
11
05; 11; 17; 23; 29; 37; 44; 52; 59
12
07; 14; 22; 29; 37; 44; 52; 59
13
07; 14; 22; 29; 37; 44; 52; 59
14
07; 14; 22; 29; 37; 44; 52; 59
15
07; 14; 22; 29; 37; 44; 52; 59
16
07; 14; 22; 29; 37; 44; 50; 56
17
02; 08; 13; 18; 22; 27; 32; 36; 41; 45; 17;50; 54; 59
18
03; 08; 12; 17; 21; 26; 30; 35; 39; 44; 48; 53; 57
19
02; 07; 12; 17; 22; 27; 32; 37; 42; 48; 54
20
00; 06; 13; 20; 27; 34; 41; 48; 55
21
02; 09; 17; 28; 39; 50
22
01; 12; 23; 34; 45; 56
23
07; 18; 29; 40; 52
24
04; 16; 26