В сторону Ботанической
05
57
06
04; 12; 20; 28; 35; 42; 47; 52; 57
07
01; 05; 09; 14; 18; 23; 27; 32; 36; 41; 45; 50; 54; 59
08
03; 08; 12; 17; 21; 26; 30; 35; 39; 44; 48; 53; 57
09
02; 06; 11; 16; 21; 26; 31; 37; 43; 49; 55
10
01; 07; 13; 19; 25; 31; 37; 43; 50; 57
11
05; 12; 20; 27; 35; 42; 50; 57
12
05; 12; 20; 27; 35; 42; 50; 57
13
05; 12; 20; 27; 35; 42; 50; 57
14
05; 12; 20; 27; 35; 42; 50; 57
15
05; 12; 20; 27; 35; 42; 50; 57
16
05; 12; 18; 24; 29; 34; 39; 45; 50; 55
17
00; 04; 09; 13; 18; 22; 27; 31; 36; 40; 45; 49; 54; 58
18
03; 07; 12; 15; 21; 25; 30; 34; 39; 44; 49; 54; 59
19
04; 09; 15; 21; 27; 33; 40; 47; 54
20
01; 08; 15; 22; 29; 36; 45; 56
21
07; 18; 29; 40; 51
22
02; 13; 24; 35; 46; 57
23
08; 19; 30; 42; 55
24
09

В сторону Проспекта Космонавтов
06
07; 17; 25; 33; 40; 48; 56
07
03; 10; 15; 19; 24; 28; 33; 37; 42; 46; 51; 55
08
00; 04; 09; 13; 18; 22; 27; 31; 36; 40; 45; 49; 54; 58
09
03; 07; 12; 16; 21; 25; 30; 34; 39; 44; 50; 55
10
00; 06; 12; 18; 24; 30; 36; 42; 48; 54
11
00; 06; 12; 18; 24; 32; 39; 47; 54
12
02; 09; 17; 24; 32; 39; 47; 54
13
02; 09; 17; 24; 32; 39; 47; 54
14
02; 09; 17; 24; 32; 39; 47; 54
15
02; 09; 17; 24; 32; 39; 47; 54
16
02; 09; 17; 24; 32; 39; 45; 51; 57
17
03; 08; 13; 17; 22; 27; 31; 36; 40; 45; 49; 54; 58
18
03; 07; 12; 16; 21; 25; 30; 34; 39; 43; 48; 52; 57
19
02; 07; 12; 17; 22; 27; 32; 37; 43; 49; 55
20
01; 08; 15; 22; 29; 36; 43; 50; 57
21
04; 12; 23; 34; 45; 56
22
07; 18; 29; 40; 51
23
02; 13; 24; 35; 47; 59
24
11; 21